1581055213.39408699,1581055213.39910055,1581055213.40379604
1581055273.45413925,1581055273.45984023,1581055273.46390078
1581055333.48431993,1581055333.49119895,1581055333.49425772
1581055393.51299103,1581055393.52044598,1581055393.52383196
1581055453.54349900,1581055453.55061752,1581055453.55414993
1581055513.57404156,1581055513.58254840,1581055513.58573411
1581055573.60436948,1581055573.61154823,1581055573.61715565
1581055633.63649190,1581055633.64415985,1581055633.64955718
1581055693.66831874,1581055693.67560352,1581055693.68072136
1581055753.70158691,1581055753.70886288,1581055753.71513026
1581055813.73781591,1581055813.74723052,1581055813.75538396
1581055873.77548807,1581055873.78223165,1581055873.78820462
1581055933.80875594,1581055933.81600333,1581055933.82007670
1581055993.84027244,1581055993.84718500,1581055993.85089352
1581056053.87105480,1581056053.87811688,1581056053.88222925
1581056113.90448360,1581056113.91154267,1581056113.91524248
1581056173.93552556,1581056173.94426588,1581056173.94958828
1581056233.96859321,1581056233.97352301,1581056233.97766227
1581056293.99754041,1581056293.100270596,1581056293.100883965
1581056353.102821040,1581056353.103322434,1581056353.103980498
1581056413.106174491,1581056413.106670345,1581056413.107282719
1581056473.109239830,1581056473.109775232,1581056473.110541177
1581056533.112519641,1581056533.113241694,1581056533.113859223
1581056593.115862574,1581056593.116540280,1581056593.117150146
1581056653.119356380,1581056653.120029368,1581056653.120503145
1581056713.122557732,1581056713.123189833,1581056713.123746862
1581056773.125708785,1581056773.126802145,1581056773.127562111
1581056833.129421313,1581056833.130220373,1581056833.130751700
1581056893.132693970,1581056893.133125318,1581056893.133740108
1581056953.135556477,1581056953.136039178,1581056953.136779527
1581057013.139102309,1581057013.139670392,1581057013.140407213
1581057073.142494687,1581057073.142988608,1581057073.143566781
1581057133.145507135,1581057133.145987136,1581057133.146723106
1581057193.148625271,1581057193.149232081,1581057193.150043018
1581057253.152017406,1581057253.152742929,1581057253.153374610
1581057313.155635071,1581057313.156189736,1581057313.156882770
1581057373.158931014,1581057373.159653225,1581057373.160479839
1581057433.162510483,1581057433.163078481,1581057433.163736999
1581057493.165871902,1581057493.166876252,1581057493.167951593
1581057553.169992855,1581057553.170644572,1581057553.171272586
1581057613.173487529,1581057613.174011027,1581057613.174740154
1581057673.176751466,1581057673.177514378,1581057673.178328778
1581057733.180404550,1581057733.181031731,1581057733.181781174
1581057793.184016464,1581057793.184636430,1581057793.185490828
1581057853.187662572,1581057853.188124332,1581057853.188839252
1581057913.190809948,1581057913.191327551,1581057913.192114522
1581057973.194367096,1581057973.195108750,1581057973.195920730
1581058033.197989693,1581058033.198605533,1581058033.199414678
1581058093.201417286,1581058093.202089595,1581058093.202721599
1581058153.204636655,1581058153.205032374,1581058153.205740859
1581058213.207805328,1581058213.208311224,1581058213.208959845
1581058273.238539659,1581058273.239176065,1581058273.239943474
1581058333.242199731,1581058333.242802967,1581058333.243502010
1581058393.245616783,1581058393.246228913,1581058393.246952319
1581058453.249048958,1581058453.249791870,1581058453.250551507
1581058513.252689160,1581058513.253278674,1581058513.253958936
1581058573.256046074,1581058573.256847543,1581058573.257509348
1581058633.259611406,1581058633.260421260,1581058633.261309167
1581058693.263403100,1581058693.264091744,1581058693.264699941
1581058753.266744859,1581058753.267536843,1581058753.267956159
1581058813.270194076,1581058813.270967754,1581058813.271569368
1581058873.273481297,1581058873.274170080,1581058873.274594551
1581058933.276879136,1581058933.277526051,1581058933.277893490
1581058993.279832471,1581058993.280713833,1581058993.281082934
1581059053.283045141,1581059053.283775175,1581059053.284165342
1581059113.286354565,1581059113.287106407,1581059113.287528248
1581059173.289607727,1581059173.290368140,1581059173.290754530
1581059233.292683464,1581059233.293376427,1581059233.293855285
1581059293.296059640,1581059293.296835897,1581059293.297398857
1581059353.299445610,1581059353.300283800,1581059353.300791139
1581059413.303173359,1581059413.303736742,1581059413.304216611
1581059473.306190382,1581059473.306893200,1581059473.307518981
1581059533.309499745,1581059533.310134663,1581059533.310631026
1581059593.312628263,1581059593.313457178,1581059593.314220003
1581059653.316491558,1581059653.317454774,1581059653.318302650
1581059713.320348085,1581059713.321194115,1581059713.322008152
1581059773.323997517,1581059773.324562041,1581059773.325251759
1581059833.327144771,1581059833.327707956,1581059833.328495368
1581059893.330562765,1581059893.331164679,1581059893.331922743
1581059953.333838631,1581059953.334391145,1581059953.335173600
1581060013.337505002,1581060013.338063178,1581060013.338804378
1581060073.340784440,1581060073.341391591,1581060073.342125469
1581060133.344205227,1581060133.344918371,1581060133.345910954
1581060193.347965482,1581060193.348510294,1581060193.349277434
1581060253.351225689,1581060253.351761747,1581060253.352403439
1581060313.354588040,1581060313.355278390,1581060313.356102906
1581060373.358012092,1581060373.358511680,1581060373.359300116
1581060433.361338835,1581060433.361897192,1581060433.362548193
1581060493.364568038,1581060493.365152601,1581060493.365902750
1581060553.367911290,1581060553.368608431,1581060553.369433413
1581060613.372274805,1581060613.372603988,1581060613.373325317
1581060673.375184346,1581060673.375438888,1581060673.376099329
1581060733.378107288,1581060733.378499311,1581060733.379401426
1581060793.381560391,1581060793.381946019,1581060793.382708571
1581060853.384868954,1581060853.385286228,1581060853.386265957
1581060913.388588696,1581060913.388879899,1581060913.389738413
1581060973.391771687,1581060973.392365223,1581060973.392849293
1581061033.394861023,1581061033.395636394,1581061033.396227353
1581061093.398338710,1581061093.398962504,1581061093.399528599
1581061153.401593935,1581061153.402169536,1581061153.402725609
1581061213.404848838,1581061213.405676321,1581061213.406188787
1581061273.408074531,1581061273.408668765,1581061273.409228640
1581061333.411047216,1581061333.411932915,1581061333.412616723
1581061393.414504703,1581061393.415291455,1581061393.415813221
1581061453.417880982,1581061453.418509956,1581061453.418978199
1581061513.421099657,1581061513.421514641,1581061513.422044424
1581061573.424093504,1581061573.424693372,1581061573.425208862
1581061633.427790971,1581061633.428347086,1581061633.428788713
1581061693.430745834,1581061693.430997227,1581061693.431886620
1581061753.433823194,1581061753.434028972,1581061753.434851688
1581061813.437094803,1581061813.437358550,1581061813.438664656
1581061873.440787698,1581061873.441121971,1581061873.442020507
1581061933.443993786,1581061933.444337757,1581061933.445039103
1581061993.446941258,1581061993.447540183,1581061993.448347809
1581062053.450444171,1581062053.451340477,1581062053.452192672
1581062113.454579559,1581062113.455226677,1581062113.456125919
1581062173.458247543,1581062173.458971663,1581062173.459902581
1581062233.462428836,1581062233.463166833,1581062233.463992754
1581062293.466047401,1581062293.466588891,1581062293.467307273
1581062353.469420238,1581062353.470069490,1581062353.470855779
1581062413.472962839,1581062413.473822079,1581062413.474383530
1581062473.476349737,1581062473.476846565,1581062473.477670232
1581062533.479697704,1581062533.480230412,1581062533.480929678
1581062593.482949755,1581062593.483469852,1581062593.484263792
1581062653.486209781,1581062653.486532202,1581062653.487067860
1581062713.489191963,1581062713.489487991,1581062713.490278913
